000000000000
000000000000
000000000000
000000000000
000000000000
000000000000
000000000000
000000000000
000000000000
000000000000
000000000000
000000000000
000000000000
000000000000
000000000000
000000000000
000000000011
101000000000
000000000000
000000000000
000000000000
000000000000
000000000000
000000000011
110101000000
000000000000
000000000000
000000000000
000000000000
000000000000
000000000011
110101000000
000000000000
000000000000
000000000000
000000000000
000000000000
000000000011
110101000000
000000000000
000000000000
000000000000
000000000000
000000000000
000000000011
110100000000
000000000000
000000000000
000000000000
000000000000
000000000000
000000000101
110100000000
000000000000
000000000000
000000000000
000000000000
000000000000
000000000110
110011000000
000000000000
000000000000
000000000000
000000000000
000000000000
000000011110
110101000000
000000000000
000000000000
000000000000
000000000000
000000000000
000000100110
110011000100
100010000000
000000000000
000000000000
000000000000
000000000000
000000101110
110100110110
110110100001
000000000000
000000000000
000000000000
000000000000
000001110110
110110110110
010100110100
000000000000
000000000000
000000000000
000000000000
000100110110
110110110000
000001110110
010000000000
000000000000
000000000000
000000000000
000100110110
110110010000
000000110110
100000000000
000000000000
000000000000
000000000000
000110110110
110011000000
000000110110
100000000000
000000000000
000000000000
000000000000
011110110110
100000000000
000000110110
001000000000
000000000000
000000000000
000000000000
101110110101
000000000000
000001110110
001000000000
000000000000
000000000000
000000000000
101110110010
000000000000
000010110110
000000000000
000000000000
000000000000
000000000001
110110011000
000000000000
000010110101
000000000000
000000000000
000000000000
000000000001
110110010000
000000000000
000100110011
000000000000
000000000000
000000000000
000000000000
100110001000
000000000000
000100111011
000000000000
000000000000
000000000000
000000000000
000000000000
000000000000
000000000000
000000000000
000000000000
000000000000
000000000000
000000000000
000000000000
000000000000
000000000000
000000000000
000000000000
000000000000
000000000000
000000000000
000000000000
000000000000
000000000000
000000000000
000000000000
000000000000
000000000000
000000000000
000000000000
000000000000
000000000000
000000000000
000000000000
000000000000
000000000000
000000000000
000000000000
000000000000
000000000000
000000000000
000000000000
000000000000
000000000000
000000000000
001000000000
