001000000000
000000000000
000000000000
000000000000
000000000000
000000000000
000000000000
000000000000
000000000000
000000000000
000000000000
000000000000
000000000000
000000000000
000000000000
000000000000
000000000000
011101000000
000000000000
000000000000
000000000000
000000000000
000000000000
000000000000
011110101000
000000000000
000000000000
000000000000
000000000000
000000000000
000000000000
011110101000
000000000000
000000000000
000000000000
000000000000
000000000000
000000000000
011110101000
000000000000
000000000000
000000000000
000000000000
000000000000
000000000000
011110100000
000000000000
000000000000
000000000000
000000000000
000000000000
000000000000
101110100000
000000000000
000000000000
000000000000
000000000000
000000000000
000000000000
110110011000
000000000000
000000000000
000000000000
000000000000
000000000000
000000000011
110110101000
000000000000
000000000000
000000000000
000000000000
000000000000
000000000100
110110011000
100100010000
000000000000
000000000000
000000000000
000000000000
000000000101
110110100110
110110110100
001000000000
000000000000
000000000000
000000000000
000000001110
110110110110
110010100110
100000000000
000000000000
000000000000
000000000000
000000100110
110110110110
000000001110
110010000000
000000000000
000000000000
000000000000
000000100110
110110110010
000000000110
110100000000
000000000000
000000000000
000000000000
000000110110
110110011000
000000000110
110100000000
000000000000
000000000000
000000000000
000011110110
110100000000
000000000110
110001000000
000000000000
000000000000
000000000000
000101110110
101000000000
000000001110
110001000000
000000000000
000000000000
000000000000
000101110110
010000000000
000000010110
110000000000
000000000000
000000000000
000000000000
001110110011
000000000000
000000010110
101000000000
000000000000
000000000000
000000000000
001110110010
000000000000
000000100110
011000000000
000000000000
000000000000
000000000000
000100110001
000000000000
000000100111
011000000000
000000000000
000000000000
000000000000
000000000000
000000000000
000000000000
000000000000
000000000000
000000000000
000000000000
000000000000
000000000000
000000000000
000000000000
000000000000
000000000000
000000000000
000000000000
000000000000
000000000000
000000000000
000000000000
000000000000
000000000000
000000000000
000000000000
000000000000
000000000000
000000000000
000000000000
000000000000
000000000000
000000000000
000000000000
000000000000
000000000000
000000000000
000000000000
000000000000
000000000000
000000000000
000000000000
000000000000
000000000000
